   param1_value param2_value  pBC PBCBP pBCBCBP
1            20          0.6 0.28  0.30    0.17
2            21          0.6 0.33  0.12    0.01
3            22          0.6 0.30  0.05    0.00
4            23          0.6 0.40  0.12    0.00
5            24          0.6 0.32  0.05    0.01
6            25          0.6 0.22  0.01    0.00
7            20          0.7 0.18  0.50    0.02
8            21          0.7 0.14  0.24    0.00
9            22          0.7 0.12  0.23    0.00
10           23          0.7 0.18  0.36    0.00
11           24          0.7 0.17  0.18    0.00
12           25          0.7 0.17  0.26    0.00
13           20          0.8 0.22  0.50    0.01
14           21          0.8 0.16  0.48    0.02
15           22          0.8 0.31  0.50    0.01
16           23          0.8 0.20  0.54    0.00
17           24          0.8 0.13  0.52    0.00
18           25          0.8 0.21  0.55    0.00
19           20          0.9 0.05  0.18    0.08
20           21          0.9 0.06  0.20    0.02
21           22          0.9 0.02  0.31    0.00
22           23          0.9 0.07  0.21    0.00
23           24          0.9 0.01  0.15    0.00
24           25          0.9 0.03  0.13    0.00
25           20          1.0 0.68  0.68    0.52
26           21          1.0 0.68  0.65    0.56
27           22          1.0 0.74  0.64    0.66
28           23          1.0 0.68  0.40    0.64
29           24          1.0 0.71  0.43    0.63
30           25          1.0 0.71  0.43    0.63
31           20          1.1 0.18  0.79    0.61
32           21          1.1 0.18  0.79    0.60
33           22          1.1 0.18  0.79    0.59
34           23          1.1 0.18  0.79    0.59
35           24          1.1 0.18  0.79    0.58
36           25          1.1 0.18  0.79    0.58
