    param1_value param2_value  pBC PBCBP pBCBCBP
1             20        0.600 0.81  0.00    0.00
2             21        0.600 0.93  0.00    0.00
3             22        0.600 0.90  0.00    0.00
4             23        0.600 0.90  0.00    0.00
5             24        0.600 0.94  0.00    0.00
6             25        0.600 0.90  0.00    0.00
7             20        0.625 0.83  0.00    0.00
8             21        0.625 0.82  0.00    0.00
9             22        0.625 0.89  0.00    0.00
10            23        0.625 0.88  0.00    0.00
11            24        0.625 0.80  0.00    0.00
12            25        0.625 0.89  0.00    0.00
13            20        0.650 0.84  0.00    0.00
14            21        0.650 0.94  0.00    0.00
15            22        0.650 0.86  0.00    0.00
16            23        0.650 0.83  0.00    0.00
17            24        0.650 0.82  0.00    0.00
18            25        0.650 0.86  0.00    0.00
19            20        0.675 0.92  0.00    0.00
20            21        0.675 0.90  0.00    0.00
21            22        0.675 0.87  0.00    0.00
22            23        0.675 0.88  0.00    0.00
23            24        0.675 0.86  0.00    0.00
24            25        0.675 0.88  0.00    0.00
25            20        0.700 0.92  0.00    0.00
26            21        0.700 0.92  0.00    0.00
27            22        0.700 0.73  0.00    0.00
28            23        0.700 0.93  0.00    0.00
29            24        0.700 0.85  0.00    0.00
30            25        0.700 0.85  0.00    0.00
31            20        0.725 0.84  0.00    0.00
32            21        0.725 0.85  0.00    0.00
33            22        0.725 0.91  0.00    0.00
34            23        0.725 0.92  0.00    0.00
35            24        0.725 0.87  0.00    0.00
36            25        0.725 0.87  0.00    0.00
37            20        0.750 0.91  0.00    0.00
38            21        0.750 0.84  0.00    0.00
39            22        0.750 0.90  0.00    0.00
40            23        0.750 0.87  0.00    0.00
41            24        0.750 0.87  0.00    0.00
42            25        0.750 0.87  0.00    0.00
43            20        0.775 0.87  0.00    0.00
44            21        0.775 0.93  0.00    0.00
45            22        0.775 0.91  0.00    0.00
46            23        0.775 0.90  0.00    0.00
47            24        0.775 0.91  0.00    0.00
48            25        0.775 0.91  0.00    0.00
49            20        0.800 0.90  0.00    0.00
50            21        0.800 0.90  0.00    0.00
51            22        0.800 0.88  0.00    0.00
52            23        0.800 0.84  0.00    0.00
53            24        0.800 0.93  0.00    0.00
54            25        0.800 0.93  0.00    0.00
55            20        0.825 0.87  0.01    0.00
56            21        0.825 0.89  0.00    0.00
57            22        0.825 0.91  0.00    0.00
58            23        0.825 0.83  0.00    0.00
59            24        0.825 0.83  0.00    0.00
60            25        0.825 0.83  0.00    0.00
61            20        0.850 0.87  0.08    0.00
62            21        0.850 0.87  0.09    0.00
63            22        0.850 0.91  0.08    0.00
64            23        0.850 0.86  0.04    0.00
65            24        0.850 0.86  0.04    0.00
66            25        0.850 0.86  0.04    0.00
67            20        0.875 0.88  0.29    0.01
68            21        0.875 0.87  0.46    0.02
69            22        0.875 0.87  0.46    0.04
70            23        0.875 0.84  0.50    0.02
71            24        0.875 0.84  0.50    0.02
72            25        0.875 0.84  0.50    0.02
73            20        0.900 0.84  0.84    0.19
74            21        0.900 0.89  0.78    0.11
75            22        0.900 0.87  0.72    0.25
76            23        0.900 0.86  0.83    0.16
77            24        0.900 0.89  0.80    0.13
78            25        0.900 0.89  0.80    0.13
79            20        0.925 0.88  0.53    0.23
80            21        0.925 0.87  0.61    0.19
81            22        0.925 0.89  0.71    0.23
82            23        0.925 0.79  0.65    0.20
83            24        0.925 0.79  0.65    0.20
84            25        0.925 0.79  0.65    0.20
85            20        0.950 0.89  0.24    0.19
86            21        0.950 0.85  0.22    0.11
87            22        0.950 0.87  0.29    0.13
88            23        0.950 0.90  0.29    0.15
89            24        0.950 0.90  0.29    0.15
90            25        0.950 0.90  0.29    0.15
91            20        0.975 0.85  0.10    0.04
92            21        0.975 0.86  0.05    0.02
93            22        0.975 0.90  0.09    0.03
94            23        0.975 0.84  0.13    0.09
95            24        0.975 0.84  0.13    0.09
96            25        0.975 0.84  0.13    0.09
97            20        1.000 0.87  0.05    0.02
98            21        1.000 0.86  0.01    0.01
99            22        1.000 0.81  0.06    0.03
100           23        1.000 0.80  0.04    0.03
101           24        1.000 0.80  0.04    0.03
102           25        1.000 0.80  0.04    0.03
103           20        1.025 0.91  0.01    0.00
104           21        1.025 0.88  0.00    0.01
105           22        1.025 0.89  0.00    0.01
106           23        1.025 0.89  0.00    0.01
107           24        1.025 0.89  0.00    0.01
108           25        1.025 0.89  0.00    0.01
109           20        1.050 0.90  0.01    0.00
110           21        1.050 0.88  0.00    0.01
111           22        1.050 0.88  0.01    0.00
112           23        1.050 0.88  0.01    0.00
113           24        1.050 0.88  0.01    0.00
114           25        1.050 0.88  0.01    0.00
115           20        1.075 0.78  0.00    0.00
116           21        1.075 0.90  0.00    0.00
117           22        1.075 0.82  0.00    0.00
118           23        1.075 0.84  0.00    0.00
119           24        1.075 0.84  0.00    0.00
120           25        1.075 0.84  0.00    0.00
121           20        1.100 0.84  0.00    0.00
122           21        1.100 0.83  0.00    0.00
123           22        1.100 0.86  0.01    0.00
124           23        1.100 0.86  0.01    0.00
125           24        1.100 0.86  0.01    0.00
126           25        1.100 0.86  0.01    0.00
