    param1_value param2_value  pBC PBCBP pBCBCBP
1             20        0.600 0.66  0.00    0.00
2             21        0.600 0.79  0.00    0.00
3             22        0.600 0.82  0.00    0.00
4             23        0.600 0.80  0.00    0.00
5             24        0.600 0.65  0.00    0.00
6             25        0.600 0.66  0.00    0.00
7             20        0.625 0.84  0.00    0.00
8             21        0.625 0.67  0.00    0.00
9             22        0.625 0.77  0.00    0.00
10            23        0.625 0.79  0.00    0.00
11            24        0.625 0.82  0.00    0.00
12            25        0.625 0.81  0.00    0.00
13            20        0.650 0.78  0.00    0.00
14            21        0.650 0.72  0.00    0.00
15            22        0.650 0.69  0.00    0.00
16            23        0.650 0.77  0.00    0.00
17            24        0.650 0.77  0.00    0.00
18            25        0.650 0.82  0.00    0.00
19            20        0.675 0.85  0.00    0.00
20            21        0.675 0.76  0.00    0.00
21            22        0.675 0.78  0.00    0.00
22            23        0.675 0.80  0.00    0.00
23            24        0.675 0.70  0.00    0.00
24            25        0.675 0.85  0.00    0.00
25            20        0.700 0.79  0.00    0.00
26            21        0.700 0.80  0.00    0.00
27            22        0.700 0.74  0.00    0.00
28            23        0.700 0.87  0.00    0.00
29            24        0.700 0.76  0.00    0.00
30            25        0.700 0.69  0.00    0.00
31            20        0.725 0.77  0.00    0.00
32            21        0.725 0.78  0.00    0.00
33            22        0.725 0.64  0.00    0.00
34            23        0.725 0.76  0.00    0.00
35            24        0.725 0.72  0.00    0.00
36            25        0.725 0.71  0.00    0.00
37            20        0.750 0.74  0.00    0.00
38            21        0.750 0.76  0.00    0.00
39            22        0.750 0.75  0.00    0.00
40            23        0.750 0.73  0.00    0.00
41            24        0.750 0.70  0.00    0.00
42            25        0.750 0.68  0.00    0.00
43            20        0.775 0.71  0.06    0.00
44            21        0.775 0.73  0.00    0.00
45            22        0.775 0.76  0.00    0.00
46            23        0.775 0.75  0.00    0.00
47            24        0.775 0.66  0.00    0.00
48            25        0.775 0.79  0.00    0.00
49            20        0.800 0.79  0.05    0.00
50            21        0.800 0.74  0.03    0.00
51            22        0.800 0.80  0.03    0.00
52            23        0.800 0.71  0.02    0.00
53            24        0.800 0.79  0.02    0.00
54            25        0.800 0.76  0.01    0.00
55            20        0.825 0.88  0.03    0.03
56            21        0.825 0.76  0.07    0.00
57            22        0.825 0.84  0.00    0.00
58            23        0.825 0.73  0.03    0.00
59            24        0.825 0.72  0.05    0.00
60            25        0.825 0.74  0.02    0.00
61            20        0.850 0.83  0.02    0.09
62            21        0.850 0.74  0.02    0.03
63            22        0.850 0.82  0.06    0.04
64            23        0.850 0.69  0.04    0.00
65            24        0.850 0.80  0.07    0.04
66            25        0.850 0.76  0.06    0.00
67            20        0.875 0.73  0.03    0.11
68            21        0.875 0.69  0.01    0.07
69            22        0.875 0.73  0.01    0.07
70            23        0.875 0.79  0.07    0.04
71            24        0.875 0.77  0.03    0.04
72            25        0.875 0.77  0.03    0.04
73            20        0.900 0.67  0.01    0.09
74            21        0.900 0.81  0.01    0.18
75            22        0.900 0.84  0.00    0.07
76            23        0.900 0.75  0.01    0.12
77            24        0.900 0.73  0.03    0.06
78            25        0.900 0.72  0.03    0.14
79            20        0.925 0.69  0.00    0.17
80            21        0.925 0.62  0.01    0.21
81            22        0.925 0.76  0.00    0.12
82            23        0.925 0.76  0.00    0.13
83            24        0.925 0.75  0.00    0.11
84            25        0.925 0.76  0.01    0.10
85            20        0.950 0.79  0.01    0.13
86            21        0.950 0.77  0.00    0.10
87            22        0.950 0.85  0.00    0.08
88            23        0.950 0.78  0.00    0.07
89            24        0.950 0.81  0.00    0.06
90            25        0.950 0.71  0.01    0.12
91            20        0.975 0.80  0.00    0.10
92            21        0.975 0.72  0.00    0.12
93            22        0.975 0.71  0.00    0.16
94            23        0.975 0.81  0.00    0.05
95            24        0.975 0.71  0.00    0.11
96            25        0.975 0.81  0.00    0.13
97            20        1.000 0.82  0.00    0.14
98            21        1.000 0.68  0.00    0.06
99            22        1.000 0.83  0.00    0.14
100           23        1.000 0.82  0.00    0.09
101           24        1.000 0.77  0.00    0.15
102           25        1.000 0.70  0.00    0.13
103           20        1.025 0.81  0.00    0.08
104           21        1.025 0.69  0.00    0.09
105           22        1.025 0.69  0.00    0.06
106           23        1.025 0.83  0.00    0.06
107           24        1.025 0.79  0.00    0.12
108           25        1.025 0.74  0.00    0.08
109           20        1.050 0.77  0.00    0.05
110           21        1.050 0.70  0.00    0.07
111           22        1.050 0.75  0.00    0.06
112           23        1.050 0.81  0.00    0.05
113           24        1.050 0.78  0.00    0.08
114           25        1.050 0.69  0.00    0.06
115           20        1.075 0.86  0.00    0.09
116           21        1.075 0.80  0.00    0.10
117           22        1.075 0.85  0.00    0.08
118           23        1.075 0.83  0.00    0.07
119           24        1.075 0.83  0.00    0.07
120           25        1.075 0.83  0.00    0.07
121           20        1.100 0.71  0.00    0.06
122           21        1.100 0.67  0.00    0.06
123           22        1.100 0.69  0.00    0.04
124           23        1.100 0.69  0.00    0.04
125           24        1.100 0.72  0.00    0.08
126           25        1.100 0.66  0.00    0.06
