    param1_value param2_value  pBC PBCBP pBCBCBP
1             20        0.600 0.01  0.00    0.00
2             21        0.600 0.02  0.00    0.00
3             22        0.600 0.01  0.00    0.00
4             23        0.600 0.05  0.00    0.01
5             24        0.600 0.03  0.00    0.00
6             25        0.600 0.00  0.00    0.00
7             20        0.625 0.04  0.03    0.02
8             21        0.625 0.01  0.00    0.00
9             22        0.625 0.05  0.00    0.00
10            23        0.625 0.01  0.00    0.00
11            24        0.625 0.01  0.00    0.00
12            25        0.625 0.02  0.00    0.00
13            20        0.650 0.02  0.00    0.01
14            21        0.650 0.04  0.00    0.00
15            22        0.650 0.04  0.00    0.00
16            23        0.650 0.05  0.00    0.00
17            24        0.650 0.04  0.00    0.00
18            25        0.650 0.05  0.00    0.00
19            20        0.675 0.03  0.03    0.03
20            21        0.675 0.03  0.00    0.01
21            22        0.675 0.03  0.00    0.00
22            23        0.675 0.06  0.00    0.00
23            24        0.675 0.05  0.00    0.00
24            25        0.675 0.00  0.00    0.00
25            20        0.700 0.03  0.02    0.04
26            21        0.700 0.01  0.01    0.01
27            22        0.700 0.02  0.00    0.00
28            23        0.700 0.05  0.00    0.00
29            24        0.700 0.01  0.00    0.00
30            25        0.700 0.02  0.00    0.00
31            20        0.725 0.06  0.08    0.40
32            21        0.725 0.03  0.03    0.08
33            22        0.725 0.02  0.00    0.00
34            23        0.725 0.04  0.00    0.00
35            24        0.725 0.03  0.00    0.00
36            25        0.725 0.02  0.00    0.00
37            20        0.750 0.05  0.13    0.64
38            21        0.750 0.01  0.07    0.25
39            22        0.750 0.04  0.04    0.08
40            23        0.750 0.02  0.01    0.01
41            24        0.750 0.07  0.01    0.01
42            25        0.750 0.03  0.00    0.00
43            20        0.775 0.02  0.13    0.64
44            21        0.775 0.02  0.16    0.45
45            22        0.775 0.04  0.05    0.26
46            23        0.775 0.05  0.04    0.14
47            24        0.775 0.01  0.00    0.04
48            25        0.775 0.02  0.01    0.04
49            20        0.800 0.05  0.17    0.43
50            21        0.800 0.01  0.13    0.56
51            22        0.800 0.00  0.11    0.45
52            23        0.800 0.00  0.08    0.19
53            24        0.800 0.02  0.03    0.16
54            25        0.800 0.01  0.03    0.11
55            20        0.825 0.06  0.14    0.42
56            21        0.825 0.07  0.18    0.39
57            22        0.825 0.04  0.13    0.37
58            23        0.825 0.02  0.10    0.27
59            24        0.825 0.04  0.09    0.22
60            25        0.825 0.05  0.13    0.19
61            20        0.850 0.05  0.13    0.26
62            21        0.850 0.02  0.22    0.27
63            22        0.850 0.05  0.23    0.24
64            23        0.850 0.04  0.15    0.22
65            24        0.850 0.00  0.14    0.14
66            25        0.850 0.01  0.15    0.15
67            20        0.875 0.03  0.07    0.04
68            21        0.875 0.01  0.12    0.17
69            22        0.875 0.03  0.13    0.06
70            23        0.875 0.03  0.13    0.07
71            24        0.875 0.02  0.11    0.16
72            25        0.875 0.02  0.27    0.12
73            20        0.900 0.01  0.09    0.03
74            21        0.900 0.02  0.08    0.05
75            22        0.900 0.02  0.12    0.02
76            23        0.900 0.08  0.08    0.03
77            24        0.900 0.03  0.14    0.08
78            25        0.900 0.02  0.08    0.06
79            20        0.925 0.07  0.06    0.02
80            21        0.925 0.04  0.07    0.02
81            22        0.925 0.03  0.09    0.01
82            23        0.925 0.05  0.04    0.03
83            24        0.925 0.03  0.02    0.03
84            25        0.925 0.01  0.05    0.08
85            20        0.950 0.06  0.04    0.00
86            21        0.950 0.00  0.03    0.01
87            22        0.950 0.03  0.02    0.00
88            23        0.950 0.02  0.03    0.01
89            24        0.950 0.04  0.02    0.00
90            25        0.950 0.04  0.04    0.03
91            20        0.975 0.02  0.01    0.01
92            21        0.975 0.05  0.01    0.00
93            22        0.975 0.04  0.03    0.00
94            23        0.975 0.04  0.02    0.01
95            24        0.975 0.03  0.02    0.02
96            25        0.975 0.01  0.02    0.00
97            20        1.000 0.03  0.00    0.00
98            21        1.000 0.05  0.00    0.02
99            22        1.000 0.00  0.01    0.00
100           23        1.000 0.05  0.00    0.01
101           24        1.000 0.02  0.00    0.01
102           25        1.000 0.03  0.00    0.00
103           20        1.025 0.01  0.00    0.00
104           21        1.025 0.01  0.00    0.00
105           22        1.025 0.06  0.00    0.00
106           23        1.025 0.02  0.04    0.00
107           24        1.025 0.02  0.00    0.02
108           25        1.025 0.02  0.00    0.00
109           20        1.050 0.03  0.00    0.00
110           21        1.050 0.01  0.01    0.00
111           22        1.050 0.06  0.00    0.01
112           23        1.050 0.03  0.00    0.01
113           24        1.050 0.04  0.00    0.01
114           25        1.050 0.02  0.01    0.02
115           20        1.075 0.02  0.00    0.00
116           21        1.075 0.01  0.01    0.00
117           22        1.075 0.08  0.01    0.02
118           23        1.075 0.04  0.02    0.00
119           24        1.075 0.01  0.01    0.00
120           25        1.075 0.02  0.01    0.00
121           20        1.100 0.04  0.00    0.01
122           21        1.100 0.01  0.00    0.02
123           22        1.100 0.01  0.00    0.01
124           23        1.100 0.03  0.00    0.00
125           24        1.100 0.05  0.00    0.00
126           25        1.100 0.03  0.00    0.00
