    param1_value param2_value  pBC PBCBP pBCBCBP
1             20        0.600 0.38  0.00    0.00
2             21        0.600 0.40  0.00    0.00
3             22        0.600 0.40  0.00    0.00
4             23        0.600 0.40  0.00    0.00
5             24        0.600 0.40  0.00    0.00
6             25        0.600 0.40  0.00    0.00
7             20        0.625 0.36  0.00    0.00
8             21        0.625 0.45  0.00    0.00
9             22        0.625 0.24  0.00    0.00
10            23        0.625 0.24  0.00    0.00
11            24        0.625 0.24  0.00    0.00
12            25        0.625 0.24  0.00    0.00
13            20        0.650 0.33  0.00    0.00
14            21        0.650 0.23  0.00    0.00
15            22        0.650 0.23  0.00    0.00
16            23        0.650 0.23  0.00    0.00
17            24        0.650 0.23  0.00    0.00
18            25        0.650 0.23  0.00    0.00
19            20        0.675 0.34  0.00    0.00
20            21        0.675 0.34  0.00    0.00
21            22        0.675 0.31  0.00    0.00
22            23        0.675 0.34  0.00    0.00
23            24        0.675 0.34  0.00    0.00
24            25        0.675 0.34  0.00    0.00
25            20        0.700 0.35  0.00    0.00
26            21        0.700 0.42  0.00    0.00
27            22        0.700 0.40  0.00    0.00
28            23        0.700 0.40  0.00    0.00
29            24        0.700 0.40  0.00    0.00
30            25        0.700 0.40  0.00    0.00
31            20        0.725 0.31  0.00    0.00
32            21        0.725 0.45  0.00    0.00
33            22        0.725 0.45  0.00    0.00
34            23        0.725 0.45  0.00    0.00
35            24        0.725 0.45  0.00    0.00
36            25        0.725 0.45  0.00    0.00
37            20        0.750 0.21  0.00    0.00
38            21        0.750 0.31  0.00    0.00
39            22        0.750 0.31  0.00    0.00
40            23        0.750 0.31  0.00    0.00
41            24        0.750 0.31  0.00    0.00
42            25        0.750 0.31  0.00    0.00
43            20        0.775 0.28  0.00    0.00
44            21        0.775 0.32  0.00    0.00
45            22        0.775 0.20  0.00    0.00
46            23        0.775 0.20  0.00    0.00
47            24        0.775 0.20  0.00    0.00
48            25        0.775 0.20  0.00    0.00
49            20        0.800 0.28  0.00    0.00
50            21        0.800 0.28  0.00    0.00
51            22        0.800 0.28  0.00    0.00
52            23        0.800 0.28  0.00    0.00
53            24        0.800 0.28  0.00    0.00
54            25        0.800 0.28  0.00    0.00
55            20        0.825 0.43  0.00    0.00
56            21        0.825 0.38  0.00    0.00
57            22        0.825 0.38  0.00    0.00
58            23        0.825 0.38  0.00    0.00
59            24        0.825 0.38  0.00    0.00
60            25        0.825 0.38  0.00    0.00
61            20        0.850 0.36  0.01    0.00
62            21        0.850 0.32  0.00    0.00
63            22        0.850 0.32  0.00    0.00
64            23        0.850 0.32  0.00    0.00
65            24        0.850 0.32  0.00    0.00
66            25        0.850 0.32  0.00    0.00
67            20        0.875 0.40  0.02    0.00
68            21        0.875 0.33  0.00    0.00
69            22        0.875 0.33  0.00    0.00
70            23        0.875 0.33  0.00    0.00
71            24        0.875 0.33  0.00    0.00
72            25        0.875 0.33  0.00    0.00
73            20        0.900 0.33  0.04    0.05
74            21        0.900 0.37  0.03    0.08
75            22        0.900 0.40  0.07    0.03
76            23        0.900 0.40  0.07    0.03
77            24        0.900 0.40  0.07    0.03
78            25        0.900 0.40  0.07    0.03
79            20        0.925 0.35  0.07    0.42
80            21        0.925 0.35  0.07    0.42
81            22        0.925 0.35  0.07    0.42
82            23        0.925 0.35  0.07    0.42
83            24        0.925 0.35  0.07    0.42
84            25        0.925 0.35  0.07    0.42
85            20        0.950 0.31  0.03    0.79
86            21        0.950 0.29  0.02    0.75
87            22        0.950 0.29  0.02    0.75
88            23        0.950 0.29  0.02    0.75
89            24        0.950 0.29  0.02    0.75
90            25        0.950 0.29  0.02    0.75
91            20        0.975 0.23  0.02    0.60
92            21        0.975 0.23  0.02    0.60
93            22        0.975 0.23  0.02    0.60
94            23        0.975 0.23  0.02    0.60
95            24        0.975 0.23  0.02    0.60
96            25        0.975 0.23  0.02    0.60
97            20        1.000 0.30  0.03    0.42
98            21        1.000 0.30  0.04    0.39
99            22        1.000 0.30  0.04    0.39
100           23        1.000 0.30  0.04    0.39
101           24        1.000 0.30  0.04    0.39
102           25        1.000 0.30  0.04    0.39
103           20        1.025 0.41  0.02    0.39
104           21        1.025 0.41  0.02    0.39
105           22        1.025 0.41  0.02    0.39
106           23        1.025 0.41  0.02    0.39
107           24        1.025 0.41  0.02    0.39
108           25        1.025 0.41  0.02    0.39
109           20        1.050 0.34  0.02    0.10
110           21        1.050 0.34  0.02    0.10
111           22        1.050 0.34  0.02    0.10
112           23        1.050 0.34  0.02    0.10
113           24        1.050 0.34  0.02    0.10
114           25        1.050 0.34  0.02    0.10
115           20        1.075 0.34  0.01    0.12
116           21        1.075 0.34  0.01    0.12
117           22        1.075 0.34  0.01    0.12
118           23        1.075 0.34  0.01    0.12
119           24        1.075 0.34  0.01    0.12
120           25        1.075 0.34  0.01    0.12
121           20        1.100 0.41  0.00    0.04
122           21        1.100 0.41  0.00    0.04
123           22        1.100 0.41  0.00    0.04
124           23        1.100 0.41  0.00    0.04
125           24        1.100 0.41  0.00    0.04
126           25        1.100 0.41  0.00    0.04
